4768
4497
4970
4759
5001
4835
5043
4853
4693
4536
4359
4428
4805
4407
4870
4842
4800
4877
4813
4862
4735
4644
4313
4221
4503
4168
4607
4600
4795
4647
4947
4986
4880
4770
4265
4387
4692
4230
4907
4801
4633
4693
5136
5048
4798
4852
4249
4591
4605
4559
5177
4901
4673
4896
5218
5064
4776
4703
4631
4555
4783
4311
4909
4878
4964
4841
5070
5151
4991
4792
4438
4617
4868
4617
5170
4914
4999
5029
5037
5167
4975
4899
4686
4479
5009
4465
5079
4906
5175
4878
5049
5191
4921
4886
4598
4572
5024
4837
5095
5034
4981
4980
5258
5123
5031
5002
4604
4561
5040
4568
5184
5113
5052
5121
5327
5323
5130
5002
4722
4848